0 0 0 0 5 0 5 5 0 5 0 0 0 0 5 0 5 5 5 5 5 5 0 5
1 1 1 1 1 1 1 1 1 1 1 1 1 1 1 1 1 1 1 1 1 1 1 1
0 1 2 3 4 5 6 7 8 9 10 11 12 13 14 15 16 17 18 19 20 21 22 23 24
0.0 0.0 0.0 0.0 7.0 0.0 7.0 7.0 0.0 7.0 0.0 0.0 0.0 0.0 7.0 0.0 7.0 7.0 7.0 7.0 7.0 7.0 0.0 7.0
0.0 0.0 0.0 0.0 9.0 0.0 9.0 9.0 0.0 9.0 0.0 0.0 0.0 0.0 9.0 0.0 9.0 9.0 9.0 9.0 9.0 9.0 0.0 9.0
0.0 0.0 0.0 0.0 11.0 0.0 11.0 11.0 0.0 11.0 0.0 0.0 0.0 0.0 11.0 0.0 11.0 11.0 11.0 11.0 11.0 11.0 0.0 11.0
0.0 0.0 0.0 0.0 13.0 0.0 13.0 13.0 0.0 13.0 0.0 0.0 0.0 0.0 13.0 0.0 13.0 13.0 13.0 13.0 13.0 13.0 0.0 13.0
0.0 0.0 0.0 0.0 15.0 0.0 15.0 15.0 0.0 15.0 0.0 0.0 0.0 0.0 15.0 0.0 15.0 15.0 15.0 15.0 15.0 15.0 0.0 15.0
0.0 0.0 0.0 0.0 17.0 0.0 17.0 17.0 0.0 17.0 0.0 0.0 0.0 0.0 17.0 0.0 17.0 17.0 17.0 17.0 17.0 17.0 0.0 17.0
0.0 0.0 0.0 0.0 19.0 0.0 19.0 19.0 0.0 19.0 0.0 0.0 0.0 0.0 19.0 0.0 19.0 19.0 19.0 19.0 19.0 19.0 0.0 19.0
0.0 0.0 0.0 0.0 21.0 0.0 21.0 21.0 dksvn0.0 21.0 0.0 0.0 0.0 0.0 21.0 0.0 21.0 21.0 21.0 21.0 21.0 21.0 0.0 21.0
0.0 0.0 0.0 0.0 23.0 0.0 23.0 23.0 0.0 23.0 0.0 0.0 0.0 0.0 23.0 0.0 23.0 23.0 23.0 23.0 23.0 23.0 0.0 23.0
0.0 0.0 0.0 0.0 25.0 0. 25.0 25.0 0.0 25.0 0.0 0.0 0.0 0.0 25.0 0.0 25.0 25.0 25.0 25.0 25.0 25.0 0.0 25.0
0.0 0.0 0.0 0.0 27.0 0.0 27.0 27.0 /0.0 27.0 0.0 0.0 0.0 0.0 27.0 0.0 27.0 27.0 27.0 27.0 27.0 27.0 0.0 27.0
0.0 0.0 0.0 0.0 29.0 0.0 29.0 29.0 0.0 29.0 0.0 0.0 0.0 0.0 29.0 0.0 29.0 29.0 29.0 29.0 29.0 29.0 0.0 29.0
0.0 0.0 0.0 0.0 31.0 0.0 31.0 31.0. 0.0 31.0 0.0 0.0 0.0 0.0 31.0 0.0 31.0 31.0 31.0 31.0 31.0 31.0 0.0 31.0
0.0 0.0 0.0 0.0 33.0 0.0 33.0 33.0 0.0 33.0 0.0 0.0 0.0 0.0 33.0 0.0 33.0 33.0 33.0 33.0 33.0 33.0 0.0 33.0
0.0 0.0 0.0 0.0 35.0 0.0 35.0 35.0 0.0 35.0 0.0 0.0 0.0 0.0 35.0 0.0 35.0 35.0 35.0 35.0 35.0 35.0 0.0 35.0
0.0 0.0 0.0 0.0 37.0 0.0 37.0 37.0 0.0 37.0 0.0 0.0 0.0 0.0 37.0 0.0 37.0 37.0 37.0 37.0 37.0 37.0 0.0 37.0
0.0 0.0 0.0 0.0 39.0 0.0 39.0 39.0 0.0 39.0 0.0 0.0 0.0 0.0 39.0 0.0 39.0 39.0 39.0 39.0 39.0 39.0 0.0 39.0
0.0 0.0 0.0 0.0 41.0 0.0 41.0 41.0 0.0 41.0 0.0 0.0 0.0 0.0 41.0 0.0 41.0 41.0 41.0 41.0 41.0 41.0 0.0 41.0
0.0 0.0 0.0 0.0 43.0 0.0 43.0 43.0 0.0 43.0 0.0 0.0 0.0 0.0 43.0 0.0 43.0 43.0 43.0 43.0 43.0 43.0 0.0 43.0
0.0 0.0 0.0 0.0 45.0 0.0 45.0 45.0 0.0 45.0 0.0 0.0 0.0 0.0 45.0 0.0 45.0 45.0 45.0 45.0 45.0 45.0 0.0 45.0
0.0 0.0 0.0 0.0 47.0 0.0 47.0 47.0 0.0 47.0 0.0 0.0 0.0 0.0 47.0 0.0 47.0 47.0 47.0 47.0 47.0 47.0 0.0 47.0
0.0 0.0 0.0 0.0 49.0 0.0 49.0 49.0 0.0 49.0 0.0 0.0 0.0 0.0 49.0 0.0 49.0 49.0 49.0 49.0 49.0 49.0 0.0 49.0
0.0 0.0 0.0 0.0 51.0 0.0 51.0 51.0 0.0 51.0 0.0 0.0 0.0 0.0 51.0 0.0 51.0 51.0 51.0 51.0 51.0 51.0 0.0 51.0
0.0 0.0 0.0 0.0 53.0 0.0 53.0 53.0 0.0 53.0 0.0 0.0 0.0 0.0 53.0 0.0 53.0 53.0 53.0 53.0 53.0 53.0 0.0 53.0
0.0 0.0 0.0 0.0 55.0 0.0 55.0 55.0 0.0 55.0 0.0 0.0 0.0 0.0 55.0 0.0 55.0 55.0 55.0 55.0 55.0 55.0 0.0 55.0
0.0 0.0 0.0 0.0 57.0 0.0 57.0 57.0 0.0 57.0 0.0 0.0 0.0 0.0 57.0 0.0 57.0 57.0 57.0 57.0 57.0 57.0 0.0 57.0
0.0 0.0 0.0 0.0 59.0 0.0 59.0 59.0 0.0 59.0 0.0 0.0 0.0 0.0 59.0 0.0 59.0 59.0 59.0 59.0 59.0 59.0 0.0 59.0
0.0 0.0 0.0 0.0 61.0 0.0 61.0 61.0 0.0 61.0 0.0 0.0 0.0 0.0 61.0 0.0 61.0 61.0 61.0 61.0 61.0 61.0 0.0 61.0
0.0 0.0 0.0 0.0 63.0 0.0 63.0 63.0 0.0 63.0 0.0 0.0 0.0 0.0 63.0 0.0 63.0 63.0 63.0 63.0 63.0 63.0 0.0 63.0
0.0 0.0 0.0 0.0 65.0 0.0 65.0 65.0 0.0 65.0 0.0 0.0 0.0 0.0 65.0 0.0 65.0 65.0 65.0 65.0 65.0 65.0 0.0 65.0
-21.2 -10.7 -18.3 -21.2 -3.6999999999999993 -18.3 -14.2 -3.6999999999999993 -18.3 -14.2 -10.7 -18.3 -21.2 -10.7 -11.3 -21.2 -3.6999999999999993 -11.3 -14.2 -3.6999999999999993 -11.3 -14.2 -10.7 -11.3
-21.2 -10.7 -18.3 -21.2 -1.6999999999999993 -18.3 -12.2 -1.6999999999999993 -18.3 -12.2 -10.7 -18.3 -21.2 -10.7 -9.3 -21.2 -1.6999999999999993 -9.3 -12.2 -1.6999999999999993 -9.3 -12.2 -10.7 -9.3
-21.2 -10.7 -18.3 -21.2 0.3000000000000007 -18.3 -10.2 0.3000000000000007 -18.3 -10.2 -10.7 -18.3 -21.2 -10.7 -7.300000000000001 -21.2 0.3000000000000007 -7.300000000000001 -10.2 0.3000000000000007 -7.300000000000001 -10.2 -10.7 -7.300000000000001
-21.2 -10.7 -18.3 -21.2 2.3000000000000007 -18.3 -8.2 2.3000000000000007 -18.3 -8.2 -10.7 -18.3 -21.2 -10.7 -5.300000000000001 -21.2 2.3000000000000007 -5.300000000000001 -8.2 2.3000000000000007 -5.300000000000001 -8.2 -10.7 -5.300000000000001
-21.2 -10.7 -18.3 -21.2 4.300000000000001 -18.3 -6.199999999999999 4.300000000000001 -18.3 -6.199999999999999 -10.7 -18.3 -21.2 -10.7 -3.3000000000000007 -21.2 4.300000000000001 -3.3000000000000007 -6.199999999999999 4.300000000000001 -3.3000000000000007 -6.199999999999999 -10.7 -3.3000000000000007
-21.2 -10.7 -18.3 -21.2 6.300000000000001 -18.3 -4.199999999999999 6.300000000000001 -18.3 -4.199999999999999 -10.7 -18.3 -21.2 -10.7 -1.3000000000000007 -21.2 6.300000000000001 -1.3000000000000007 -4.199999999999999 6.300000000000001 -1.3000000000000007 -4.199999999999999 -10.7 -1.3000000000000007
-21.2 -10.7 -18.3 -21.2 8.3 -18.3 -2.1999999999999993 8.3 -18.3 -2.1999999999999993 -10.7 -18.3 -21.2 -10.7 0.6999999999999993 -21.2 8.3 0.6999999999999993 -2.1999999999999993 8.3 0.6999999999999993 -2.1999999999999993 -10.7 0.6999999999999993
-21.2 -10.7 -18.3 -21.2 10.3 -18.3 -0.1999999999999993 10.3 -18.3 -0.1999999999999993 -10.7 -18.3 -21.2 -10.7 2.6999999999999993 -21.2 10.3 2.6999999999999993 -0.1999999999999993 10.3 2.6999999999999993 -0.1999999999999993 -10.7 2.6999999999999993
-21.2 -10.7 -18.3 -21.2 12.3 -18.3 1.8000000000000007 12.3 -18.3 1.8000000000000007 -10.7 -18.3 -21.2 -10.7 4.699999999999999 -21.2 12.3 4.699999999999999 1.8000000000000007 12.3 4.699999999999999 1.8000000000000007 -10.7 4.699999999999999
-21.2 -10.7 -18.3 -21.2 14.3 -18.3 3.8000000000000007 14.3 -18.3 3.8000000000000007 -10.7 -18.3 -21.2 -10.7 6.699999999999999 -21.2 14.3 6.699999999999999 3.8000000000000007 14.3 6.699999999999999 3.8000000000000007 -10.7 6.699999999999999
-21.2 -10.7 -18.3 -21.2 16.3 -18.3 5.800000000000001 16.3 -18.3 5.800000000000001 -10.7 -18.3 -21.2 -10.7 8.7 -21.2 16.3 8.7 5.800000000000001 16.3 8.7 5.800000000000001 -10.7 8.7
-21.2 -10.7 -18.3 -21.2 18.3 -18.3 7.800000000000001 18.3 -18.3 7.800000000000001 -10.7 -18.3 -21.2 -10.7 10.7 -21.2 18.3 10.7 7.800000000000001 18.3 10.7 7.800000000000001 -10.7 10.7
-21.2 -10.7 -18.3 -21.2 20.3 -18.3 9.8 20.3 -18.3 9.8 -10.7 -18.3 -21.2 -10.7 12.7 -21.2 20.3 12.7 9.8 20.3 12.7 9.8 -10.7 12.7
-21.2 -10.7 -18.3 -21.2 22.3 -18.3 11.8 22.3 -18.3 11.8 -10.7 -18.3 -21.2 -10.7 14.7 -21.2 22.3 14.7 11.8 22.3 14.7 11.8 -10.7 14.7
-21.2 -10.7 -18.3 -21.2 24.3 -18.3 13.8 24.3 -18.3 13.8 -10.7 -18.3 -21.2 -10.7 16.7 -21.2 24.3 16.7 13.8 24.3 16.7 13.8 -10.7 16.7
-21.2 -10.7 -18.3 -21.2 26.3 -18.3 15.8 26.3 -18.3 15.8 -10.7 -18.3 -21.2 -10.7 18.7 -21.2 26.3 18.7 15.8 26.3 18.7 15.8 -10.7 18.7
-21.2 -10.7 -18.3 -21.2 28.3 -18.3 17.8 28.3 -18.3 17.8 -10.7 -18.3 -21.2 -10.7 20.7 -21.2 28.3 20.7 17.8 28.3 20.7 17.8 -10.7 20.7
-21.2 -10.7 -18.3 -21.2 30.3 -18.3 19.8 30.3 -18.3 19.8 -10.7 -18.3 -21.2 -10.7 22.7 -21.2 30.3 22.7 19.8 30.3 22.7 19.8 -10.7 22.7
-21.2 -10.7 -18.3 -21.2 32.3 -18.3 21.8 32.3 -18.3 21.8 -10.7 -18.3 -21.2 -10.7 24.7 -21.2 32.3 24.7 21.8 32.3 24.7 21.8 -10.7 24.7
-21.2 -10.7 -18.3 -21.2 34.3 -18.3 23.8 34.3 -18.3 23.8 -10.7 -18.3 -21.2 -10.7 26.7 -21.2 34.3 26.7 23.8 34.3 26.7 23.8 -10.7 26.7
-21.2 -10.7 -18.3 -21.2 36.3 -18.3 25.8 36.3 -18.3 25.8 -10.7 -18.3 -21.2 -10.7 28.7 -21.2 36.3 28.7 25.8 36.3 28.7 25.8 -10.7 28.7
-21.2 -10.7 -18.3 -21.2 38.3 -18.3 27.8 38.3 -18.3 27.8 -10.7 -18.3 -21.2 -10.7 30.7 -21.2 38.3 30.7 27.8 38.3 30.7 27.8 -10.7 30.7
-21.2 -10.7 -18.3 -21.2 40.3 -18.3 29.8 40.3 -18.3 29.8 -10.7 -18.3 -21.2 -10.7 32.7 -21.2 40.3 32.7 29.8 40.3 32.7 29.8 -10.7 32.7
-21.2 -10.7 -18.3 -21.2 42.3 -18.3 31.8 42.3 -18.3 31.8 -10.7 -18.3 -21.2 -10.7 34.7 -21.2 42.3 34.7 31.8 42.3 34.7 31.8 -10.7 34.7
-21.2 -10.7 -18.3 -21.2 44.3 -18.3 33.8 44.3 -18.3 33.8 -10.7 -18.3 -21.2 -10.7 36.7 -21.2 44.3 36.7 33.8 44.3 36.7 33.8 -10.7 36.7
-21.2 -10.7 -18.3 -21.2 46.3 -18.3 35.8 46.3 -18.3 35.8 -10.7 -18.3 -21.2 -10.7 38.7 -21.2 46.3 38.7 35.8 46.3 38.7 35.8 -10.7 38.7
-21.2 -10.7 -18.3 -21.2 48.3 -18.3 37.8 48.3 -18.3 37.8 -10.7 -18.3 -21.2 -10.7 40.7 -21.2 48.3 40.7 37.8 48.3 40.7 37.8 -10.7 40.7
-21.2 -10.7 -18.3 -21.2 50.3 -18.3 39.8 50.3 -18.3 39.8 -10.7 -18.3 -21.2 -10.7 42.7 -21.2 50.3 42.7 39.8 50.3 42.7 39.8 -10.7 42.7
-21.2 -10.7 -18.3 -21.2 52.3 -18.3 41.8 52.3 -18.3 41.8 -10.7 -18.3 -21.2 -10.7 44.7 -21.2 52.3 44.7 41.8 52.3 44.7 41.8 -10.7 44.7
-21.2 -10.7 -18.3 -21.2 54.3 -18.3 43.8 54.3 -18.3 43.8 -10.7 -18.3 -21.2 -10.7 46.7 -21.2 54.3 46.7 43.8 54.3 46.7 43.8 -10.7 46.7
-5.0 -6.0 15.0 -5.0 1.0 15.0 2.0 1.0 15.0 2.0 -6.0 15.0 -5.0 -6.0 22.0 -5.0 1.0 22.0 2.0 1.0 22.0 2.0 -6.0 22.0
-5.0 -6.0 15.0 -5.0 3.0 15.0 4.0 3.0 15.0 4.0 -6.0 15.0 -5.0 -6.0 24.0 -5.0 3.0 24.0 4.0 3.0 24.0 4.0 -6.0 24.0
-5.0 -6.0 15.0 -5.0 5.0 15.0 6.0 5.0 15.0 6.0 -6.0 15.0 -5.0 -6.0 26.0 -5.0 5.0 26.0 6.0 5.0 26.0 6.0 -6.0 26.0
-5.0 -6.0 15.0 -5.0 7.0 15.0 8.0 7.0 15.0 8.0 -6.0 15.0 -5.0 -6.0 28.0 -5.0 7.0 28.0 8.0 7.0 28.0 8.0 -6.0 28.0
-5.0 -6.0 15.0 -5.0 9.0 15.0 10.0 9.0 15.0 10.0 -6.0 15.0 -5.0 -6.0 30.0 -5.0 9.0 30.0 10.0 9.0 30.0 10.0 -6.0 30.0
-5.0 -6.0 15.0 -5.0 11.0 15.0 12.0 11.0 15.0 12.0 -6.0 15.0 -5.0 -6.0 32.0 -5.0 11.0 32.0 12.0 11.0 32.0 12.0 -6.0 32.0
-5.0 -6.0 15.0 -5.0 13.0 15.0 14.0 13.0 15.0 14.0 -6.0 15.0 -5.0 -6.0 34.0 -5.0 13.0 34.0 14.0 13.0 34.0 14.0 -6.0 34.0
-5.0 -6.0 15.0 -5.0 15.0 15.0 16.0 15.0 15.0 16.0 -6.0 15.0 -5.0 -6.0 36.0 -5.0 15.0 36.0 16.0 15.0 36.0 16.0 -6.0 36.0
-5.0 -6.0 15.0 -5.0 17.0 15.0 18.0 17.0 15.0 18.0 -6.0 15.0 -5.0 -6.0 38.0 -5.0 17.0 38.0 18.0 17.0 38.0 18.0 -6.0 38.0
-5.0 -6.0 15.0 -5.0 19.0 15.0 20.0 19.0 15.0 20.0 -6.0 15.0 -5.0 -6.0 40.0 -5.0 19.0 40.0 20.0 19.0 40.0 20.0 -6.0 40.0
-5.0 -6.0 15.0 -5.0 21.0 15.0 22.0 21.0 15.0 22.0 -6.0 15.0 -5.0 -6.0 42.0 -5.0 21.0 42.0 22.0 21.0 42.0 22.0 -6.0 42.0
-5.0 -6.0 15.0 -5.0 23.0 15.0 24.0 23.0 15.0 24.0 -6.0 15.0 -5.0 -6.0 44.0 -5.0 23.0 44.0 24.0 23.0 44.0 24.0 -6.0 44.0
-5.0 -6.0 15.0 -5.0 25.0 15.0 26.0 25.0 15.0 26.0 -6.0 15.0 -5.0 -6.0 46.0 -5.0 25.0 46.0 26.0 25.0 46.0 26.0 -6.0 46.0
-5.0 -6.0 15.0 -5.0 27.0 15.0 28.0 27.0 15.0 28.0 -6.0 15.0 -5.0 -6.0 48.0 -5.0 27.0 48.0 28.0 27.0 48.0 28.0 -6.0 48.0
-5.0 -6.0 15.0 -5.0 29.0 15.0 30.0 29.0 15.0 30.0 -6.0 15.0 -5.0 -6.0 50.0 -5.0 29.0 50.0 30.0 29.0 50.0 30.0 -6.0 50.0
-5.0 -6.0 15.0 -5.0 31.0 15.0 32.0 31.0 15.0 32.0 -6.0 15.0 -5.0 -6.0 52.0 -5.0 31.0 52.0 32.0 31.0 52.0 32.0 -6.0 52.0
-5.0 -6.0 15.0 -5.0 33.0 15.0 34.0 33.0 15.0 34.0 -6.0 15.0 -5.0 -6.0 54.0 -5.0 33.0 54.0 34.0 33.0 54.0 34.0 -6.0 54.0
-5.0 -6.0 15.0 -5.0 35.0 15.0 36.0 35.0 15.0 36.0 -6.0 15.0 -5.0 -6.0 56.0 -5.0 35.0 56.0 36.0 35.0 56.0 36.0 -6.0 56.0
-5.0 -6.0 15.0 -5.0 37.0 15.0 38.0 37.0 15.0 38.0 -6.0 15.0 -5.0 -6.0 58.0 -5.0 37.0 58.0 38.0 37.0 58.0 38.0 -6.0 58.0
-5.0 -6.0 15.0 -5.0 39.0 15.0 40.0 39.0 15.0 40.0 -6.0 15.0 -5.0 -6.0 60.0 -5.0 39.0 60.0 40.0 39.0 60.0 40.0 -6.0 60.0
-5.0 -6.0 15.0 -5.0 41.0 15.0 42.0 41.0 15.0 42.0 -6.0 15.0 -5.0 -6.0 62.0 -5.0 41.0 62.0 42.0 41.0 62.0 42.0 -6.0 62.0
-5.0 -6.0 15.0 -5.0 43.0 15.0 44.0 43.0 15.0 44.0 -6.0 15.0 -5.0 -6.0 64.0 -5.0 43.0 64.0 44.0 43.0 64.0 44.0 -6.0 64.0
-5.0 -6.0 15.0 -5.0 45.0 15.0 46.0 45.0 15.0 46.0 -6.0 15.0 -5.0 -6.0 66.0 -5.0 45.0 66.0 46.0 45.0 66.0 46.0 -6.0 66.0
-5.0 -6.0 15.0 -5.0 47.0 15.0 48.0 47.0 15.0 48.0 -6.0 15.0 -5.0 -6.0 68.0 -5.0 47.0 68.0 48.0 47.0 68.0 48.0 -6.0 68.0
-5.0 -6.0 15.0 -5.0 49.0 15.0 50.0 49.0 15.0 50.0 -6.0 15.0 -5.0 -6.0 70.0 -5.0 49.0 70.0 50.0 49.0 70.0 50.0 -6.0 70.0
-5.0 -6.0 15.0 -5.0 51.0 15.0 52.0 51.0 15.0 52.0 -6.0 15.0 -5.0 -6.0 72.0 -5.0 51.0 72.0 52.0 51.0 72.0 52.0 -6.0 72.0
-5.0 -6.0 15.0 -5.0 53.0 15.0 54.0 53.0 15.0 54.0 -6.0 15.0 -5.0 -6.0 74.0 -5.0 53.0 74.0 54.0 53.0 74.0 54.0 -6.0 74.0
-5.0 -6.0 15.0 -5.0 55.0 15.0 56.0 55.0 15.0 56.0 -6.0 15.0 -5.0 -6.0 76.0 -5.0 55.0 76.0 56.0 55.0 76.0 56.0 -6.0 76.0
-5.0 -6.0 15.0 -5.0 57.0 15.0 58.0 57.0 15.0 58.0 -6.0 15.0 -5.0 -6.0 78.0 -5.0 57.0 78.0 58.0 57.0 78.0 58.0 -6.0 78.0
-5.0 -6.0 15.0 -5.0 59.0 15.0 60.0 59.0 15.0 60.0 -6.0 15.0 -5.0 -6.0 80.0 -5.0 59.0 80.0 60.0 59.0 80.0 60.0 -6.0 80.0

